{
 "cells": [
  {
   "cell_type": "markdown",
   "metadata": {},
   "source": [
    "# Max Sharpe Ratio \n",
    "\n",
    "- We look till 2024-12 => to see what portfolio gives the best Sharpe once the Tarrifs end and the stock jumps back up\n",
    "\n",
    "- Tickers: \n",
    "    - PLTR, COIN, AAPL, NVDA, TSLA, MCD, KO, TSM, GE"
   ]
  },
  {
   "cell_type": "code",
   "execution_count": 29,
   "metadata": {},
   "outputs": [],
   "source": [
    "import yfinance as yf\n",
    "import numpy as np\n",
    "import pandas as pd\n",
    "import matplotlib.pyplot as plt\n",
    "from scipy.optimize import minimize\n",
    "from sklearn.covariance import LedoitWolf"
   ]
  },
  {
   "cell_type": "code",
   "execution_count": null,
   "metadata": {},
   "outputs": [
    {
     "name": "stderr",
     "output_type": "stream",
     "text": [
      "[*********************100%***********************]  9 of 9 completed\n"
     ]
    },
    {
     "data": {
      "text/html": [
       "<div>\n",
       "<style scoped>\n",
       "    .dataframe tbody tr th:only-of-type {\n",
       "        vertical-align: middle;\n",
       "    }\n",
       "\n",
       "    .dataframe tbody tr th {\n",
       "        vertical-align: top;\n",
       "    }\n",
       "\n",
       "    .dataframe thead th {\n",
       "        text-align: right;\n",
       "    }\n",
       "</style>\n",
       "<table border=\"1\" class=\"dataframe\">\n",
       "  <thead>\n",
       "    <tr style=\"text-align: right;\">\n",
       "      <th>Ticker</th>\n",
       "      <th>AAPL</th>\n",
       "      <th>COIN</th>\n",
       "      <th>GE</th>\n",
       "      <th>KO</th>\n",
       "      <th>MCD</th>\n",
       "      <th>NVDA</th>\n",
       "      <th>PLTR</th>\n",
       "      <th>TSLA</th>\n",
       "      <th>TSM</th>\n",
       "    </tr>\n",
       "    <tr>\n",
       "      <th>Date</th>\n",
       "      <th></th>\n",
       "      <th></th>\n",
       "      <th></th>\n",
       "      <th></th>\n",
       "      <th></th>\n",
       "      <th></th>\n",
       "      <th></th>\n",
       "      <th></th>\n",
       "      <th></th>\n",
       "    </tr>\n",
       "  </thead>\n",
       "  <tbody>\n",
       "    <tr>\n",
       "      <th>2014-12-31</th>\n",
       "      <td>24.554003</td>\n",
       "      <td>NaN</td>\n",
       "      <td>103.835754</td>\n",
       "      <td>30.495281</td>\n",
       "      <td>72.242920</td>\n",
       "      <td>0.481179</td>\n",
       "      <td>NaN</td>\n",
       "      <td>14.827333</td>\n",
       "      <td>16.865849</td>\n",
       "    </tr>\n",
       "    <tr>\n",
       "      <th>2015-01-02</th>\n",
       "      <td>24.320433</td>\n",
       "      <td>NaN</td>\n",
       "      <td>102.972855</td>\n",
       "      <td>30.437500</td>\n",
       "      <td>71.903656</td>\n",
       "      <td>0.483099</td>\n",
       "      <td>NaN</td>\n",
       "      <td>14.620667</td>\n",
       "      <td>16.790493</td>\n",
       "    </tr>\n",
       "    <tr>\n",
       "      <th>2015-01-05</th>\n",
       "      <td>23.635288</td>\n",
       "      <td>NaN</td>\n",
       "      <td>101.082672</td>\n",
       "      <td>30.437500</td>\n",
       "      <td>71.109543</td>\n",
       "      <td>0.474939</td>\n",
       "      <td>NaN</td>\n",
       "      <td>14.006000</td>\n",
       "      <td>16.383539</td>\n",
       "    </tr>\n",
       "    <tr>\n",
       "      <th>2015-01-06</th>\n",
       "      <td>23.637512</td>\n",
       "      <td>NaN</td>\n",
       "      <td>98.904907</td>\n",
       "      <td>30.668633</td>\n",
       "      <td>71.240631</td>\n",
       "      <td>0.460540</td>\n",
       "      <td>NaN</td>\n",
       "      <td>14.085333</td>\n",
       "      <td>16.097166</td>\n",
       "    </tr>\n",
       "    <tr>\n",
       "      <th>2015-01-07</th>\n",
       "      <td>23.968967</td>\n",
       "      <td>NaN</td>\n",
       "      <td>98.945999</td>\n",
       "      <td>31.051456</td>\n",
       "      <td>72.481941</td>\n",
       "      <td>0.459340</td>\n",
       "      <td>NaN</td>\n",
       "      <td>14.063333</td>\n",
       "      <td>16.330782</td>\n",
       "    </tr>\n",
       "    <tr>\n",
       "      <th>...</th>\n",
       "      <td>...</td>\n",
       "      <td>...</td>\n",
       "      <td>...</td>\n",
       "      <td>...</td>\n",
       "      <td>...</td>\n",
       "      <td>...</td>\n",
       "      <td>...</td>\n",
       "      <td>...</td>\n",
       "      <td>...</td>\n",
       "    </tr>\n",
       "    <tr>\n",
       "      <th>2024-12-24</th>\n",
       "      <td>257.916443</td>\n",
       "      <td>279.619995</td>\n",
       "      <td>170.893112</td>\n",
       "      <td>62.379669</td>\n",
       "      <td>292.302307</td>\n",
       "      <td>140.207108</td>\n",
       "      <td>82.379997</td>\n",
       "      <td>462.279999</td>\n",
       "      <td>205.529221</td>\n",
       "    </tr>\n",
       "    <tr>\n",
       "      <th>2024-12-26</th>\n",
       "      <td>258.735504</td>\n",
       "      <td>274.410004</td>\n",
       "      <td>171.550812</td>\n",
       "      <td>62.111645</td>\n",
       "      <td>293.107666</td>\n",
       "      <td>139.917130</td>\n",
       "      <td>82.139999</td>\n",
       "      <td>454.130005</td>\n",
       "      <td>202.271896</td>\n",
       "    </tr>\n",
       "    <tr>\n",
       "      <th>2024-12-27</th>\n",
       "      <td>255.309296</td>\n",
       "      <td>265.709991</td>\n",
       "      <td>169.764145</td>\n",
       "      <td>61.992527</td>\n",
       "      <td>291.934448</td>\n",
       "      <td>136.997391</td>\n",
       "      <td>79.080002</td>\n",
       "      <td>431.660004</td>\n",
       "      <td>200.847458</td>\n",
       "    </tr>\n",
       "    <tr>\n",
       "      <th>2024-12-30</th>\n",
       "      <td>251.923019</td>\n",
       "      <td>255.559998</td>\n",
       "      <td>167.787827</td>\n",
       "      <td>61.575600</td>\n",
       "      <td>287.937531</td>\n",
       "      <td>137.477356</td>\n",
       "      <td>77.180000</td>\n",
       "      <td>417.410004</td>\n",
       "      <td>199.612259</td>\n",
       "    </tr>\n",
       "    <tr>\n",
       "      <th>2024-12-31</th>\n",
       "      <td>250.144974</td>\n",
       "      <td>248.300003</td>\n",
       "      <td>166.480240</td>\n",
       "      <td>61.803913</td>\n",
       "      <td>288.225891</td>\n",
       "      <td>134.277649</td>\n",
       "      <td>75.629997</td>\n",
       "      <td>403.839996</td>\n",
       "      <td>196.723526</td>\n",
       "    </tr>\n",
       "  </tbody>\n",
       "</table>\n",
       "<p>2517 rows × 9 columns</p>\n",
       "</div>"
      ],
      "text/plain": [
       "Ticker            AAPL        COIN          GE         KO         MCD  \\\n",
       "Date                                                                    \n",
       "2014-12-31   24.554003         NaN  103.835754  30.495281   72.242920   \n",
       "2015-01-02   24.320433         NaN  102.972855  30.437500   71.903656   \n",
       "2015-01-05   23.635288         NaN  101.082672  30.437500   71.109543   \n",
       "2015-01-06   23.637512         NaN   98.904907  30.668633   71.240631   \n",
       "2015-01-07   23.968967         NaN   98.945999  31.051456   72.481941   \n",
       "...                ...         ...         ...        ...         ...   \n",
       "2024-12-24  257.916443  279.619995  170.893112  62.379669  292.302307   \n",
       "2024-12-26  258.735504  274.410004  171.550812  62.111645  293.107666   \n",
       "2024-12-27  255.309296  265.709991  169.764145  61.992527  291.934448   \n",
       "2024-12-30  251.923019  255.559998  167.787827  61.575600  287.937531   \n",
       "2024-12-31  250.144974  248.300003  166.480240  61.803913  288.225891   \n",
       "\n",
       "Ticker            NVDA       PLTR        TSLA         TSM  \n",
       "Date                                                       \n",
       "2014-12-31    0.481179        NaN   14.827333   16.865849  \n",
       "2015-01-02    0.483099        NaN   14.620667   16.790493  \n",
       "2015-01-05    0.474939        NaN   14.006000   16.383539  \n",
       "2015-01-06    0.460540        NaN   14.085333   16.097166  \n",
       "2015-01-07    0.459340        NaN   14.063333   16.330782  \n",
       "...                ...        ...         ...         ...  \n",
       "2024-12-24  140.207108  82.379997  462.279999  205.529221  \n",
       "2024-12-26  139.917130  82.139999  454.130005  202.271896  \n",
       "2024-12-27  136.997391  79.080002  431.660004  200.847458  \n",
       "2024-12-30  137.477356  77.180000  417.410004  199.612259  \n",
       "2024-12-31  134.277649  75.629997  403.839996  196.723526  \n",
       "\n",
       "[2517 rows x 9 columns]"
      ]
     },
     "execution_count": 30,
     "metadata": {},
     "output_type": "execute_result"
    }
   ],
   "source": [
    "# Step 1: Load historical prices\n",
    "tickers = ['PLTR', 'COIN', 'AAPL', 'NVDA', 'TSLA', 'MCD', 'KO', 'TSM', 'GE']\n",
    "prices = yf.download(tickers, start='2014-12-31', end='2025-01-01')#['Adj Close'] # pre market crash (from tarrifs)\n",
    "close = prices['Close']\n",
    "\n",
    "close"
   ]
  },
  {
   "cell_type": "code",
   "execution_count": 31,
   "metadata": {},
   "outputs": [
    {
     "data": {
      "text/plain": [
       "Ticker\n",
       "AAPL       0\n",
       "COIN    1581\n",
       "GE         0\n",
       "KO         0\n",
       "MCD        0\n",
       "NVDA       0\n",
       "PLTR    1447\n",
       "TSLA       0\n",
       "TSM        0\n",
       "dtype: int64"
      ]
     },
     "execution_count": 31,
     "metadata": {},
     "output_type": "execute_result"
    }
   ],
   "source": [
    "close.isna().sum() # crypto companies have NaNs which makes sense\n"
   ]
  },
  {
   "cell_type": "code",
   "execution_count": null,
   "metadata": {},
   "outputs": [],
   "source": [
    "def log_returns(prices):\n",
    "    return np.log(prices / prices.shift(1))\n",
    "\n",
    "returns = close.apply(lambda x: log_returns(x)).dropna() # log returns (what Moelis uses) AKA pct_change \n",
    "returns # need to drop 2021 bc it's not complete\n",
    "returns =returns[returns.index.year>2021]"
   ]
  },
  {
   "cell_type": "code",
   "execution_count": 33,
   "metadata": {},
   "outputs": [
    {
     "data": {
      "text/html": [
       "<div>\n",
       "<style scoped>\n",
       "    .dataframe tbody tr th:only-of-type {\n",
       "        vertical-align: middle;\n",
       "    }\n",
       "\n",
       "    .dataframe tbody tr th {\n",
       "        vertical-align: top;\n",
       "    }\n",
       "\n",
       "    .dataframe thead th {\n",
       "        text-align: right;\n",
       "    }\n",
       "</style>\n",
       "<table border=\"1\" class=\"dataframe\">\n",
       "  <thead>\n",
       "    <tr style=\"text-align: right;\">\n",
       "      <th>Ticker</th>\n",
       "      <th>AAPL</th>\n",
       "      <th>COIN</th>\n",
       "      <th>GE</th>\n",
       "      <th>KO</th>\n",
       "      <th>MCD</th>\n",
       "      <th>NVDA</th>\n",
       "      <th>PLTR</th>\n",
       "      <th>TSLA</th>\n",
       "      <th>TSM</th>\n",
       "    </tr>\n",
       "    <tr>\n",
       "      <th>Date</th>\n",
       "      <th></th>\n",
       "      <th></th>\n",
       "      <th></th>\n",
       "      <th></th>\n",
       "      <th></th>\n",
       "      <th></th>\n",
       "      <th></th>\n",
       "      <th></th>\n",
       "      <th></th>\n",
       "    </tr>\n",
       "  </thead>\n",
       "  <tbody>\n",
       "    <tr>\n",
       "      <th>2022</th>\n",
       "      <td>-0.001221</td>\n",
       "      <td>-0.007827</td>\n",
       "      <td>-0.000461</td>\n",
       "      <td>0.000402</td>\n",
       "      <td>0.000020</td>\n",
       "      <td>-0.002783</td>\n",
       "      <td>-0.004154</td>\n",
       "      <td>-0.004186</td>\n",
       "      <td>-0.001825</td>\n",
       "    </tr>\n",
       "    <tr>\n",
       "      <th>2023</th>\n",
       "      <td>0.001595</td>\n",
       "      <td>0.006369</td>\n",
       "      <td>0.002686</td>\n",
       "      <td>-0.000181</td>\n",
       "      <td>0.000561</td>\n",
       "      <td>0.004884</td>\n",
       "      <td>0.003935</td>\n",
       "      <td>0.002807</td>\n",
       "      <td>0.001412</td>\n",
       "    </tr>\n",
       "    <tr>\n",
       "      <th>2024</th>\n",
       "      <td>0.001063</td>\n",
       "      <td>0.001413</td>\n",
       "      <td>0.001983</td>\n",
       "      <td>0.000338</td>\n",
       "      <td>0.000005</td>\n",
       "      <td>0.003960</td>\n",
       "      <td>0.005884</td>\n",
       "      <td>0.001927</td>\n",
       "      <td>0.002601</td>\n",
       "    </tr>\n",
       "  </tbody>\n",
       "</table>\n",
       "</div>"
      ],
      "text/plain": [
       "Ticker      AAPL      COIN        GE        KO       MCD      NVDA      PLTR  \\\n",
       "Date                                                                           \n",
       "2022   -0.001221 -0.007827 -0.000461  0.000402  0.000020 -0.002783 -0.004154   \n",
       "2023    0.001595  0.006369  0.002686 -0.000181  0.000561  0.004884  0.003935   \n",
       "2024    0.001063  0.001413  0.001983  0.000338  0.000005  0.003960  0.005884   \n",
       "\n",
       "Ticker      TSLA       TSM  \n",
       "Date                        \n",
       "2022   -0.004186 -0.001825  \n",
       "2023    0.002807  0.001412  \n",
       "2024    0.001927  0.002601  "
      ]
     },
     "execution_count": 33,
     "metadata": {},
     "output_type": "execute_result"
    }
   ],
   "source": [
    "# average daily return per year\n",
    "returns.groupby(returns.index.year).mean()"
   ]
  },
  {
   "cell_type": "code",
   "execution_count": 34,
   "metadata": {},
   "outputs": [
    {
     "data": {
      "text/html": [
       "<div>\n",
       "<style scoped>\n",
       "    .dataframe tbody tr th:only-of-type {\n",
       "        vertical-align: middle;\n",
       "    }\n",
       "\n",
       "    .dataframe tbody tr th {\n",
       "        vertical-align: top;\n",
       "    }\n",
       "\n",
       "    .dataframe thead th {\n",
       "        text-align: right;\n",
       "    }\n",
       "</style>\n",
       "<table border=\"1\" class=\"dataframe\">\n",
       "  <thead>\n",
       "    <tr style=\"text-align: right;\">\n",
       "      <th>Ticker</th>\n",
       "      <th>AAPL</th>\n",
       "      <th>COIN</th>\n",
       "      <th>GE</th>\n",
       "      <th>KO</th>\n",
       "      <th>MCD</th>\n",
       "      <th>NVDA</th>\n",
       "      <th>PLTR</th>\n",
       "      <th>TSLA</th>\n",
       "      <th>TSM</th>\n",
       "    </tr>\n",
       "    <tr>\n",
       "      <th>Date</th>\n",
       "      <th></th>\n",
       "      <th></th>\n",
       "      <th></th>\n",
       "      <th></th>\n",
       "      <th></th>\n",
       "      <th></th>\n",
       "      <th></th>\n",
       "      <th></th>\n",
       "      <th></th>\n",
       "    </tr>\n",
       "  </thead>\n",
       "  <tbody>\n",
       "    <tr>\n",
       "      <th>2022</th>\n",
       "      <td>-0.306582</td>\n",
       "      <td>-1.964467</td>\n",
       "      <td>-0.115672</td>\n",
       "      <td>0.100836</td>\n",
       "      <td>0.005068</td>\n",
       "      <td>-0.698454</td>\n",
       "      <td>-1.042553</td>\n",
       "      <td>-1.050723</td>\n",
       "      <td>-0.458051</td>\n",
       "    </tr>\n",
       "    <tr>\n",
       "      <th>2023</th>\n",
       "      <td>0.398830</td>\n",
       "      <td>1.592166</td>\n",
       "      <td>0.671476</td>\n",
       "      <td>-0.045359</td>\n",
       "      <td>0.140301</td>\n",
       "      <td>1.220881</td>\n",
       "      <td>0.983746</td>\n",
       "      <td>0.701716</td>\n",
       "      <td>0.352977</td>\n",
       "    </tr>\n",
       "    <tr>\n",
       "      <th>2024</th>\n",
       "      <td>0.267775</td>\n",
       "      <td>0.356042</td>\n",
       "      <td>0.499717</td>\n",
       "      <td>0.085053</td>\n",
       "      <td>0.001365</td>\n",
       "      <td>0.997868</td>\n",
       "      <td>1.482689</td>\n",
       "      <td>0.485656</td>\n",
       "      <td>0.655354</td>\n",
       "    </tr>\n",
       "  </tbody>\n",
       "</table>\n",
       "</div>"
      ],
      "text/plain": [
       "Ticker      AAPL      COIN        GE        KO       MCD      NVDA      PLTR  \\\n",
       "Date                                                                           \n",
       "2022   -0.306582 -1.964467 -0.115672  0.100836  0.005068 -0.698454 -1.042553   \n",
       "2023    0.398830  1.592166  0.671476 -0.045359  0.140301  1.220881  0.983746   \n",
       "2024    0.267775  0.356042  0.499717  0.085053  0.001365  0.997868  1.482689   \n",
       "\n",
       "Ticker      TSLA       TSM  \n",
       "Date                        \n",
       "2022   -1.050723 -0.458051  \n",
       "2023    0.701716  0.352977  \n",
       "2024    0.485656  0.655354  "
      ]
     },
     "execution_count": 34,
     "metadata": {},
     "output_type": "execute_result"
    }
   ],
   "source": [
    "# yearly return per year\n",
    "returns.groupby(returns.index.year).sum()"
   ]
  },
  {
   "cell_type": "code",
   "execution_count": 35,
   "metadata": {},
   "outputs": [
    {
     "data": {
      "text/plain": [
       "Ticker\n",
       "AAPL    0.120008\n",
       "COIN   -0.005420\n",
       "GE      0.351840\n",
       "KO      0.046844\n",
       "MCD     0.048912\n",
       "NVDA    0.506765\n",
       "PLTR    0.474627\n",
       "TSLA    0.045550\n",
       "TSM     0.183427\n",
       "dtype: float64"
      ]
     },
     "execution_count": 35,
     "metadata": {},
     "output_type": "execute_result"
    }
   ],
   "source": [
    "# average yearly return \n",
    "returns.groupby(returns.index.year).sum().mean()"
   ]
  },
  {
   "cell_type": "code",
   "execution_count": 36,
   "metadata": {},
   "outputs": [
    {
     "data": {
      "text/plain": [
       "Ticker\n",
       "AAPL    0.120486\n",
       "COIN   -0.005441\n",
       "GE      0.353242\n",
       "KO      0.047030\n",
       "MCD     0.049106\n",
       "NVDA    0.508784\n",
       "PLTR    0.476518\n",
       "TSLA    0.045731\n",
       "TSM     0.184157\n",
       "dtype: float64"
      ]
     },
     "execution_count": 36,
     "metadata": {},
     "output_type": "execute_result"
    }
   ],
   "source": [
    "returns.mean() * 252"
   ]
  },
  {
   "cell_type": "code",
   "execution_count": 37,
   "metadata": {},
   "outputs": [
    {
     "data": {
      "text/html": [
       "<div>\n",
       "<style scoped>\n",
       "    .dataframe tbody tr th:only-of-type {\n",
       "        vertical-align: middle;\n",
       "    }\n",
       "\n",
       "    .dataframe tbody tr th {\n",
       "        vertical-align: top;\n",
       "    }\n",
       "\n",
       "    .dataframe thead th {\n",
       "        text-align: right;\n",
       "    }\n",
       "</style>\n",
       "<table border=\"1\" class=\"dataframe\">\n",
       "  <thead>\n",
       "    <tr style=\"text-align: right;\">\n",
       "      <th>Ticker</th>\n",
       "      <th>AAPL</th>\n",
       "      <th>COIN</th>\n",
       "      <th>GE</th>\n",
       "      <th>KO</th>\n",
       "      <th>MCD</th>\n",
       "      <th>NVDA</th>\n",
       "      <th>PLTR</th>\n",
       "      <th>TSLA</th>\n",
       "      <th>TSM</th>\n",
       "    </tr>\n",
       "    <tr>\n",
       "      <th>Ticker</th>\n",
       "      <th></th>\n",
       "      <th></th>\n",
       "      <th></th>\n",
       "      <th></th>\n",
       "      <th></th>\n",
       "      <th></th>\n",
       "      <th></th>\n",
       "      <th></th>\n",
       "      <th></th>\n",
       "    </tr>\n",
       "  </thead>\n",
       "  <tbody>\n",
       "    <tr>\n",
       "      <th>AAPL</th>\n",
       "      <td>1.000000</td>\n",
       "      <td>0.413274</td>\n",
       "      <td>0.391055</td>\n",
       "      <td>0.353318</td>\n",
       "      <td>0.363635</td>\n",
       "      <td>0.561078</td>\n",
       "      <td>0.436844</td>\n",
       "      <td>0.506255</td>\n",
       "      <td>0.476005</td>\n",
       "    </tr>\n",
       "    <tr>\n",
       "      <th>COIN</th>\n",
       "      <td>0.413274</td>\n",
       "      <td>1.000000</td>\n",
       "      <td>0.321514</td>\n",
       "      <td>0.078176</td>\n",
       "      <td>0.132629</td>\n",
       "      <td>0.468597</td>\n",
       "      <td>0.527728</td>\n",
       "      <td>0.477417</td>\n",
       "      <td>0.328058</td>\n",
       "    </tr>\n",
       "    <tr>\n",
       "      <th>GE</th>\n",
       "      <td>0.391055</td>\n",
       "      <td>0.321514</td>\n",
       "      <td>1.000000</td>\n",
       "      <td>0.197893</td>\n",
       "      <td>0.242852</td>\n",
       "      <td>0.443289</td>\n",
       "      <td>0.356049</td>\n",
       "      <td>0.298589</td>\n",
       "      <td>0.428349</td>\n",
       "    </tr>\n",
       "    <tr>\n",
       "      <th>KO</th>\n",
       "      <td>0.353318</td>\n",
       "      <td>0.078176</td>\n",
       "      <td>0.197893</td>\n",
       "      <td>1.000000</td>\n",
       "      <td>0.545925</td>\n",
       "      <td>0.089669</td>\n",
       "      <td>0.049487</td>\n",
       "      <td>0.081976</td>\n",
       "      <td>0.046450</td>\n",
       "    </tr>\n",
       "    <tr>\n",
       "      <th>MCD</th>\n",
       "      <td>0.363635</td>\n",
       "      <td>0.132629</td>\n",
       "      <td>0.242852</td>\n",
       "      <td>0.545925</td>\n",
       "      <td>1.000000</td>\n",
       "      <td>0.186412</td>\n",
       "      <td>0.143388</td>\n",
       "      <td>0.158695</td>\n",
       "      <td>0.133189</td>\n",
       "    </tr>\n",
       "    <tr>\n",
       "      <th>NVDA</th>\n",
       "      <td>0.561078</td>\n",
       "      <td>0.468597</td>\n",
       "      <td>0.443289</td>\n",
       "      <td>0.089669</td>\n",
       "      <td>0.186412</td>\n",
       "      <td>1.000000</td>\n",
       "      <td>0.505244</td>\n",
       "      <td>0.467663</td>\n",
       "      <td>0.680454</td>\n",
       "    </tr>\n",
       "    <tr>\n",
       "      <th>PLTR</th>\n",
       "      <td>0.436844</td>\n",
       "      <td>0.527728</td>\n",
       "      <td>0.356049</td>\n",
       "      <td>0.049487</td>\n",
       "      <td>0.143388</td>\n",
       "      <td>0.505244</td>\n",
       "      <td>1.000000</td>\n",
       "      <td>0.479181</td>\n",
       "      <td>0.405877</td>\n",
       "    </tr>\n",
       "    <tr>\n",
       "      <th>TSLA</th>\n",
       "      <td>0.506255</td>\n",
       "      <td>0.477417</td>\n",
       "      <td>0.298589</td>\n",
       "      <td>0.081976</td>\n",
       "      <td>0.158695</td>\n",
       "      <td>0.467663</td>\n",
       "      <td>0.479181</td>\n",
       "      <td>1.000000</td>\n",
       "      <td>0.391673</td>\n",
       "    </tr>\n",
       "    <tr>\n",
       "      <th>TSM</th>\n",
       "      <td>0.476005</td>\n",
       "      <td>0.328058</td>\n",
       "      <td>0.428349</td>\n",
       "      <td>0.046450</td>\n",
       "      <td>0.133189</td>\n",
       "      <td>0.680454</td>\n",
       "      <td>0.405877</td>\n",
       "      <td>0.391673</td>\n",
       "      <td>1.000000</td>\n",
       "    </tr>\n",
       "  </tbody>\n",
       "</table>\n",
       "</div>"
      ],
      "text/plain": [
       "Ticker      AAPL      COIN        GE        KO       MCD      NVDA      PLTR  \\\n",
       "Ticker                                                                         \n",
       "AAPL    1.000000  0.413274  0.391055  0.353318  0.363635  0.561078  0.436844   \n",
       "COIN    0.413274  1.000000  0.321514  0.078176  0.132629  0.468597  0.527728   \n",
       "GE      0.391055  0.321514  1.000000  0.197893  0.242852  0.443289  0.356049   \n",
       "KO      0.353318  0.078176  0.197893  1.000000  0.545925  0.089669  0.049487   \n",
       "MCD     0.363635  0.132629  0.242852  0.545925  1.000000  0.186412  0.143388   \n",
       "NVDA    0.561078  0.468597  0.443289  0.089669  0.186412  1.000000  0.505244   \n",
       "PLTR    0.436844  0.527728  0.356049  0.049487  0.143388  0.505244  1.000000   \n",
       "TSLA    0.506255  0.477417  0.298589  0.081976  0.158695  0.467663  0.479181   \n",
       "TSM     0.476005  0.328058  0.428349  0.046450  0.133189  0.680454  0.405877   \n",
       "\n",
       "Ticker      TSLA       TSM  \n",
       "Ticker                      \n",
       "AAPL    0.506255  0.476005  \n",
       "COIN    0.477417  0.328058  \n",
       "GE      0.298589  0.428349  \n",
       "KO      0.081976  0.046450  \n",
       "MCD     0.158695  0.133189  \n",
       "NVDA    0.467663  0.680454  \n",
       "PLTR    0.479181  0.405877  \n",
       "TSLA    1.000000  0.391673  \n",
       "TSM     0.391673  1.000000  "
      ]
     },
     "execution_count": 37,
     "metadata": {},
     "output_type": "execute_result"
    }
   ],
   "source": [
    "returns.corr() # return correlations => good to have uncorrelated stocks together\n",
    "# that way performanc of two or more doesn't behave similarly\n",
    "# correaltions are for the most part all < 0.5 which is a good sign"
   ]
  },
  {
   "cell_type": "code",
   "execution_count": 38,
   "metadata": {},
   "outputs": [
    {
     "name": "stdout",
     "output_type": "stream",
     "text": [
      "Intel MKL WARNING: Support of Intel(R) Streaming SIMD Extensions 4.2 (Intel(R) SSE4.2) enabled only processors has been deprecated. Intel oneAPI Math Kernel Library 2025.0 will require Intel(R) Advanced Vector Extensions (Intel(R) AVX) instructions.\n",
      "Intel MKL WARNING: Support of Intel(R) Streaming SIMD Extensions 4.2 (Intel(R) SSE4.2) enabled only processors has been deprecated. Intel oneAPI Math Kernel Library 2025.0 will require Intel(R) Advanced Vector Extensions (Intel(R) AVX) instructions.\n",
      "Intel MKL WARNING: Support of Intel(R) Streaming SIMD Extensions 4.2 (Intel(R) SSE4.2) enabled only processors has been deprecated. Intel oneAPI Math Kernel Library 2025.0 will require Intel(R) Advanced Vector Extensions (Intel(R) AVX) instructions.\n",
      "Intel MKL WARNING: Support of Intel(R) Streaming SIMD Extensions 4.2 (Intel(R) SSE4.2) enabled only processors has been deprecated. Intel oneAPI Math Kernel Library 2025.0 will require Intel(R) Advanced Vector Extensions (Intel(R) AVX) instructions.\n"
     ]
    }
   ],
   "source": [
    "# Step 3: Annualized metrics\n",
    "mean_returns = returns.mean() * 252 # 252 trading days\n",
    "cov_matrix = returns.cov() * 252\n",
    "\n",
    "# Optional: Use Ledoit-Wolf shrinkage for a more robust covariance estimate\n",
    "lw = LedoitWolf()\n",
    "cov_matrix_shrink = lw.fit(returns).covariance_ * 252\n"
   ]
  },
  {
   "cell_type": "code",
   "execution_count": 39,
   "metadata": {},
   "outputs": [
    {
     "data": {
      "text/html": [
       "<div>\n",
       "<style scoped>\n",
       "    .dataframe tbody tr th:only-of-type {\n",
       "        vertical-align: middle;\n",
       "    }\n",
       "\n",
       "    .dataframe tbody tr th {\n",
       "        vertical-align: top;\n",
       "    }\n",
       "\n",
       "    .dataframe thead th {\n",
       "        text-align: right;\n",
       "    }\n",
       "</style>\n",
       "<table border=\"1\" class=\"dataframe\">\n",
       "  <thead>\n",
       "    <tr style=\"text-align: right;\">\n",
       "      <th>Ticker</th>\n",
       "      <th>AAPL</th>\n",
       "      <th>COIN</th>\n",
       "      <th>GE</th>\n",
       "      <th>KO</th>\n",
       "      <th>MCD</th>\n",
       "      <th>NVDA</th>\n",
       "      <th>PLTR</th>\n",
       "      <th>TSLA</th>\n",
       "      <th>TSM</th>\n",
       "    </tr>\n",
       "    <tr>\n",
       "      <th>Ticker</th>\n",
       "      <th></th>\n",
       "      <th></th>\n",
       "      <th></th>\n",
       "      <th></th>\n",
       "      <th></th>\n",
       "      <th></th>\n",
       "      <th></th>\n",
       "      <th></th>\n",
       "      <th></th>\n",
       "    </tr>\n",
       "  </thead>\n",
       "  <tbody>\n",
       "    <tr>\n",
       "      <th>AAPL</th>\n",
       "      <td>0.073252</td>\n",
       "      <td>0.105861</td>\n",
       "      <td>0.032081</td>\n",
       "      <td>0.014969</td>\n",
       "      <td>0.017077</td>\n",
       "      <td>0.082966</td>\n",
       "      <td>0.080254</td>\n",
       "      <td>0.084351</td>\n",
       "      <td>0.047970</td>\n",
       "    </tr>\n",
       "    <tr>\n",
       "      <th>COIN</th>\n",
       "      <td>0.105861</td>\n",
       "      <td>0.895732</td>\n",
       "      <td>0.092233</td>\n",
       "      <td>0.011582</td>\n",
       "      <td>0.021780</td>\n",
       "      <td>0.242301</td>\n",
       "      <td>0.339023</td>\n",
       "      <td>0.278162</td>\n",
       "      <td>0.115607</td>\n",
       "    </tr>\n",
       "    <tr>\n",
       "      <th>GE</th>\n",
       "      <td>0.032081</td>\n",
       "      <td>0.092233</td>\n",
       "      <td>0.091874</td>\n",
       "      <td>0.009389</td>\n",
       "      <td>0.012772</td>\n",
       "      <td>0.073409</td>\n",
       "      <td>0.073255</td>\n",
       "      <td>0.055716</td>\n",
       "      <td>0.048343</td>\n",
       "    </tr>\n",
       "    <tr>\n",
       "      <th>KO</th>\n",
       "      <td>0.014969</td>\n",
       "      <td>0.011582</td>\n",
       "      <td>0.009389</td>\n",
       "      <td>0.024503</td>\n",
       "      <td>0.014828</td>\n",
       "      <td>0.007669</td>\n",
       "      <td>0.005258</td>\n",
       "      <td>0.007900</td>\n",
       "      <td>0.002707</td>\n",
       "    </tr>\n",
       "    <tr>\n",
       "      <th>MCD</th>\n",
       "      <td>0.017077</td>\n",
       "      <td>0.021780</td>\n",
       "      <td>0.012772</td>\n",
       "      <td>0.014828</td>\n",
       "      <td>0.030107</td>\n",
       "      <td>0.017671</td>\n",
       "      <td>0.016888</td>\n",
       "      <td>0.016951</td>\n",
       "      <td>0.008605</td>\n",
       "    </tr>\n",
       "    <tr>\n",
       "      <th>NVDA</th>\n",
       "      <td>0.082966</td>\n",
       "      <td>0.242301</td>\n",
       "      <td>0.073409</td>\n",
       "      <td>0.007669</td>\n",
       "      <td>0.017671</td>\n",
       "      <td>0.298492</td>\n",
       "      <td>0.187369</td>\n",
       "      <td>0.157293</td>\n",
       "      <td>0.138423</td>\n",
       "    </tr>\n",
       "    <tr>\n",
       "      <th>PLTR</th>\n",
       "      <td>0.080254</td>\n",
       "      <td>0.339023</td>\n",
       "      <td>0.073255</td>\n",
       "      <td>0.005258</td>\n",
       "      <td>0.016888</td>\n",
       "      <td>0.187369</td>\n",
       "      <td>0.460744</td>\n",
       "      <td>0.200235</td>\n",
       "      <td>0.102581</td>\n",
       "    </tr>\n",
       "    <tr>\n",
       "      <th>TSLA</th>\n",
       "      <td>0.084351</td>\n",
       "      <td>0.278162</td>\n",
       "      <td>0.055716</td>\n",
       "      <td>0.007900</td>\n",
       "      <td>0.016951</td>\n",
       "      <td>0.157293</td>\n",
       "      <td>0.200235</td>\n",
       "      <td>0.378984</td>\n",
       "      <td>0.089780</td>\n",
       "    </tr>\n",
       "    <tr>\n",
       "      <th>TSM</th>\n",
       "      <td>0.047970</td>\n",
       "      <td>0.115607</td>\n",
       "      <td>0.048343</td>\n",
       "      <td>0.002707</td>\n",
       "      <td>0.008605</td>\n",
       "      <td>0.138423</td>\n",
       "      <td>0.102581</td>\n",
       "      <td>0.089780</td>\n",
       "      <td>0.138640</td>\n",
       "    </tr>\n",
       "  </tbody>\n",
       "</table>\n",
       "</div>"
      ],
      "text/plain": [
       "Ticker      AAPL      COIN        GE        KO       MCD      NVDA      PLTR  \\\n",
       "Ticker                                                                         \n",
       "AAPL    0.073252  0.105861  0.032081  0.014969  0.017077  0.082966  0.080254   \n",
       "COIN    0.105861  0.895732  0.092233  0.011582  0.021780  0.242301  0.339023   \n",
       "GE      0.032081  0.092233  0.091874  0.009389  0.012772  0.073409  0.073255   \n",
       "KO      0.014969  0.011582  0.009389  0.024503  0.014828  0.007669  0.005258   \n",
       "MCD     0.017077  0.021780  0.012772  0.014828  0.030107  0.017671  0.016888   \n",
       "NVDA    0.082966  0.242301  0.073409  0.007669  0.017671  0.298492  0.187369   \n",
       "PLTR    0.080254  0.339023  0.073255  0.005258  0.016888  0.187369  0.460744   \n",
       "TSLA    0.084351  0.278162  0.055716  0.007900  0.016951  0.157293  0.200235   \n",
       "TSM     0.047970  0.115607  0.048343  0.002707  0.008605  0.138423  0.102581   \n",
       "\n",
       "Ticker      TSLA       TSM  \n",
       "Ticker                      \n",
       "AAPL    0.084351  0.047970  \n",
       "COIN    0.278162  0.115607  \n",
       "GE      0.055716  0.048343  \n",
       "KO      0.007900  0.002707  \n",
       "MCD     0.016951  0.008605  \n",
       "NVDA    0.157293  0.138423  \n",
       "PLTR    0.200235  0.102581  \n",
       "TSLA    0.378984  0.089780  \n",
       "TSM     0.089780  0.138640  "
      ]
     },
     "execution_count": 39,
     "metadata": {},
     "output_type": "execute_result"
    }
   ],
   "source": [
    "cov_matrix"
   ]
  },
  {
   "cell_type": "code",
   "execution_count": 40,
   "metadata": {},
   "outputs": [
    {
     "data": {
      "text/plain": [
       "array([[0.07519456, 0.10459956, 0.03169834, 0.01479044, 0.01687335,\n",
       "        0.08197711, 0.07929735, 0.0833456 , 0.04739787],\n",
       "       [0.10459956, 0.88787049, 0.09113321, 0.01144375, 0.02152048,\n",
       "        0.23941263, 0.33498181, 0.2748462 , 0.11422905],\n",
       "       [0.03169834, 0.09113321, 0.09359399, 0.00927748, 0.01262008,\n",
       "        0.07253405, 0.07238147, 0.05505185, 0.04776717],\n",
       "       [0.01479044, 0.01144375, 0.00927748, 0.0270266 , 0.01465109,\n",
       "        0.00757728, 0.00519544, 0.00780551, 0.00267505],\n",
       "       [0.01687335, 0.02152048, 0.01262008, 0.01465109, 0.03256332,\n",
       "        0.01746079, 0.01668662, 0.01674934, 0.00850234],\n",
       "       [0.08197711, 0.23941263, 0.07253405, 0.00757728, 0.01746079,\n",
       "        0.29774986, 0.18513566, 0.15541839, 0.13677354],\n",
       "       [0.07929735, 0.33498181, 0.07238147, 0.00519544, 0.01668662,\n",
       "        0.18513566, 0.45806747, 0.19784841, 0.1013587 ],\n",
       "       [0.0833456 , 0.2748462 , 0.05505185, 0.00780551, 0.01674934,\n",
       "        0.15541839, 0.19784841, 0.37728249, 0.08870974],\n",
       "       [0.04739787, 0.11422905, 0.04776717, 0.00267505, 0.00850234,\n",
       "        0.13677354, 0.1013587 , 0.08870974, 0.13980289]])"
      ]
     },
     "execution_count": 40,
     "metadata": {},
     "output_type": "execute_result"
    }
   ],
   "source": [
    "cov_matrix_shrink"
   ]
  },
  {
   "cell_type": "markdown",
   "metadata": {},
   "source": [
    "A covariance matrix provides a measure of how multiple variables (or assets) change together. Specifically, it tells you about the covariance between pairs of variables. Here's what it reveals:\n",
    "\n",
    "- Covariance Between Variables: The diagonal elements of the matrix show the variance of each individual variable (how much it fluctuates by itself). The off-diagonal elements show the covariance between two variables, which indicates how they move relative to each other.\n",
    "\n",
    "    - Positive covariance means that as one variable increases, the other tends to increase as well (they move in the same direction).\n",
    "\n",
    "    - Negative covariance means that as one variable increases, the other tends to decrease (they move in opposite directions).\n",
    "\n",
    "    - A covariance close to zero means the variables are largely independent of each other in terms of their movements.\n",
    "\n",
    "- **Magnitude of Relationship**: The magnitude of the covariance tells you the strength of the relationship between the variables. A larger value (positive or negative) indicates a stronger relationship, while a value closer to zero suggests a weaker or no linear relationship.\n",
    "\n",
    "- **Multivariate Risk**: In finance, for example, the covariance matrix helps in understanding the **overall portfolio risk**. It shows how the returns of different assets in the portfolio are correlated, which is crucial when constructing portfolios that aim to balance risk through diversification."
   ]
  },
  {
   "cell_type": "code",
   "execution_count": 41,
   "metadata": {},
   "outputs": [
    {
     "name": "stdout",
     "output_type": "stream",
     "text": [
      "PLTR: %0.0000000000000231\n",
      "COIN: %0.0000000000000000\n",
      "AAPL: %71.5598977653667845\n",
      "NVDA: %0.0000000000000240\n",
      "TSLA: %0.0000000000000207\n",
      "MCD: %22.3723945001382916\n",
      "KO: %6.0677077344950048\n",
      "TSM: %0.0000000000000000\n",
      "GE: %0.0000000000000000\n",
      "\n",
      "Maximum Sharpe ratio: 1.1613818775797324\n"
     ]
    }
   ],
   "source": [
    "# Step 4: Efficient Frontier\n",
    "def portfolio_performance(weights, mean_returns, cov_matrix):\n",
    "    returns = np.dot(weights, mean_returns) # prtfolio returns\n",
    "    std = np.sqrt(np.dot(weights.T, np.dot(cov_matrix, weights))) # portfolio std\n",
    "    return returns, std\n",
    "\n",
    "def negative_sharpe(weights, mean_returns, cov_matrix, risk_free_rate=0.03):\n",
    "    p_return, p_std = portfolio_performance(weights, mean_returns, cov_matrix)\n",
    "    return -(p_return - risk_free_rate) / p_std # negative Sharpe\n",
    "\n",
    "def constraint(weights):\n",
    "    return np.sum(weights) - 1\n",
    "\n",
    "\n",
    "# Optimization settings\n",
    "bounds = [(0, 1) for _ in tickers]\n",
    "initial_guess = np.array([1/len(tickers)] * len(tickers)) #  initial portfolio weights\n",
    "constraints = {'type': 'eq', 'fun': constraint}\n",
    "\n",
    "# Solve for max Sharpe using shrinkage covariance\n",
    "opt = minimize(negative_sharpe, initial_guess, args=(mean_returns, cov_matrix_shrink), \n",
    "               method='SLSQP', bounds=bounds, constraints=constraints)\n",
    "\n",
    "# Print optimal weights and maximum Sharpe ratio\n",
    "for i,ticker in enumerate(tickers):\n",
    "    print(f\"{ticker}: %{opt.x[i]*100:.16f}\")\n",
    "\n",
    "# print('Optimal weights:', opt.x*100)\n",
    "\n",
    "print('\\nMaximum Sharpe ratio:', -opt.fun)"
   ]
  },
  {
   "cell_type": "code",
   "execution_count": 42,
   "metadata": {},
   "outputs": [
    {
     "name": "stdout",
     "output_type": "stream",
     "text": [
      "Optimal Returns: 39.55% with volatility of 0.3147289922634373\n"
     ]
    },
    {
     "data": {
